0
258
-0.1725 0.61 0
-0.173225 0.58856 0
-0.173103 0.599395 0
-0.17312 0.583075 0
-0.173237 0.591287 0
-0.172207 0.566445 0
-0.172973 0.578938 0
-0.172065 0.564704 0
-0.172594 0.571836 0
-0.170604 0.550413 0
-0.171748 0.561131 0
-0.169452 0.541511 0
-0.170709 0.551306 0
-0.168751 0.536639 0
-0.169785 0.543955 0
-0.166406 0.522187 0
-0.168197 0.533001 0
-0.163913 0.508771 0
-0.166153 0.520751 0
-0.16274 0.50291 0
-0.164488 0.511736 0
-0.161844 0.49858 0
-0.163183 0.505097 0
-0.159106 0.485973 0
-0.161164 0.495371 0
-0.158207 0.481999 0
-0.159689 0.488591 0
-0.155284 0.469459 0
-0.157469 0.47878 0
-0.153525 0.462113 0
-0.155464 0.470215 0
-0.15 0.4475 0
-0.15 0.4475 0
-0.142578 0.425117 0
-0.146416 0.434858 0
-0.140582 0.421069 0
-0.143558 0.427327 0
-0.134375 0.410937 0
-0.139058 0.418305 0
-0.128259 0.402008 0
-0.133715 0.409977 0
-0.125527 0.3976 0
-0.129627 0.404064 0
-0.123489 0.393925 0
-0.12655 0.399309 0
-0.1175 0.38 0
-0.1175 0.38 0
-0.113147 0.367927 0
-0.115391 0.374089 0
-0.108379 0.354902 0
-0.111984 0.364756 0
-0.105299 0.346324 0
-0.108684 0.355742 0
-0.103599 0.341473 0
-0.106149 0.348715 0
-0.0985938 0.326406 0
-0.102329 0.337777 0
-0.0966413 0.320068 0
-0.0994341 0.329041 0
-0.0952998 0.3155 0
-0.097327 0.322332 0
-0.0915748 0.301503 0
-0.0943232 0.312041 0
-0.0885542 0.287728 0
-0.0912175 0.300022 0
-0.0874233 0.281492 0
-0.0891725 0.290824 0
-0.0866743 0.276782 0
-0.0878302 0.283837 0
-0.085 0.2625 0
-0.085 0.2625 0
-0.0840283 0.244912 0
-0.0844073 0.253912 0
-0.0839155 0.240278 0
-0.0841036 0.247197 0
-0.0838672 0.225937 0
-0.0838632 0.23675 0
-0.0838862 0.224412 0
-0.0838365 0.230632 0
-0.0842029 0.211738 0
-0.0839387 0.22127 0
-0.0845396 0.203708 0
-0.0841749 0.212537 0
-0.0847679 0.199271 0
-0.0844368 0.205922 0
-0.085625 0.185938 0
-0.0849584 0.195938 0
-0.0866621 0.173332 0
-0.0857249 0.184599 0
-0.0871899 0.167755 0
-0.0864127 0.176137 0
-0.0889868 0.151391 0
-0.0876101 0.163607 0
-0.0891909 0.149727 0
-0.0883735 0.156604 0
-0.0909714 0.136451 0
-0.0896186 0.146344 0
-0.0921709 0.128548 0
-0.0908549 0.13726 0
-0.0928555 0.124352 0
-0.091835 0.130688 0
-0.095 0.1125 0
-0.095 0.1125 0
-0.0986279 0.098357 0
-0.0966571 0.105185 0
-0.10332 0.0859179 0
-0.099716 0.0951064 0
-0.106624 0.0787942 0
-0.103003 0.0866547 0
-0.108522 0.0750366 0
-0.105695 0.0807124 0
-0.114375 0.0642188 0
-0.10997 0.0722778 0
-0.116758 0.0599211 0
-0.113366 0.0660391 0
-0.123208 0.0476369 0
-0.118428 0.0568754 0
-0.126779 0.0396311 0
-0.122827 0.0484181 0
-0.128521 0.0350305 0
-0.125844 0.0418734 0
-0.1325 0.02 0
-0.1325 0.02 0
-0.134619 0.00700438 0
-0.133617 0.0134757 0
-0.13625 -0.00591803 0
-0.135075 0.00377774 0
-0.136995 -0.014081 0
-0.136163 -0.00510716 0
-0.137309 -0.0186293 0
-0.136812 -0.0118243 0
-0.137812 -0.0326562 0
-0.137498 -0.0220768 0
-0.137819 -0.0385828 0
-0.137775 -0.030203 0
-0.13775 -0.0428864 0
-0.13783 -0.0364609 0
-0.137159 -0.05634 0
-0.137657 -0.0461698 0
-0.136024 -0.0701407 0
-0.137064 -0.0577937 0
-0.135328 -0.076624 0
-0.136327 -0.0669793 0
-0.134727 -0.0816346 0
-0.135603 -0.0741669 0
-0.1325 -0.0975 0
-0.1325 -0.0975 0
-0.129023 -0.118379 0
-0.130886 -0.107544 0
-0.128003 -0.124056 0
-0.129512 -0.115602 0
-0.127201 -0.128416 0
-0.128393 -0.121909 0
-0.124609 -0.141953 0
-0.126578 -0.131739 0
-0.123706 -0.1465 0
-0.125181 -0.139034 0
-0.120542 -0.161842 0
-0.122942 -0.150289 0
-0.118426 -0.171633 0
-0.120747 -0.16087 0
-0.117221 -0.177063 0
-0.119018 -0.168929 0
-0.116298 -0.181148 0
-0.117676 -0.175024 0
-0.113437 -0.193437 0
-0.115596 -0.184217 0
-0.112222 -0.198492 0
-0.113931 -0.191356 0
-0.108683 -0.212679 0
-0.111352 -0.202053 0
-0.106394 -0.221434 0
-0.108909 -0.211797 0
-0.105112 -0.226195 0
-0.107029 -0.219037 0
-0.101179 -0.240184 0
-0.104141 -0.229738 0
-0.099542 -0.245725 0
-0.101862 -0.237823 0
-0.0947974 -0.260852 0
-0.0983682 -0.249597 0
-0.0917724 -0.269755 0
-0.0950976 -0.259936 0
-0.0900927 -0.274444 0
-0.0926083 -0.267354 0
-0.085 -0.2875 0
-0.085 -0.2875 0
-0.0761719 -0.303884 0
-0.0808618 -0.296145 0
-0.073652 -0.307455 0
-0.0773905 -0.302027 0
-0.0655469 -0.317168 0
-0.0716962 -0.310016 0
-0.0572595 -0.325383 0
-0.0646651 -0.318105 0
-0.0534837 -0.328802 0
-0.0591341 -0.323625 0
-0.0421875 -0.338594 0
-0.050642 -0.331299 0
-0.0369582 -0.343225 0
-0.0437031 -0.337282 0
-0.0337112 -0.346249 0
-0.0386171 -0.341732 0
-0.0247244 -0.355845 0
-0.031348 -0.34856 0
-0.0175816 -0.3663 0
-0.023869 -0.35691 0
-0.0149958 -0.371525 0
-0.0190223 -0.36383 0
-0.0133365 -0.375723 0
-0.0159173 -0.369519 0
-0.00999999 -0.39 0
-0.00999999 -0.39 0
-0.00950927 -0.410764 0
-0.00930876 -0.399829 0
-0.0099113 -0.416592 0
-0.00938123 -0.407936 0
-0.0103341 -0.421102 0
-0.00973815 -0.414381 0
-0.012168 -0.435254 0
-0.0107158 -0.424557 0
-0.0129323 -0.440045 0
-0.0117134 -0.432186 0
-0.0159408 -0.456294 0
-0.0136173 -0.444048 0
-0.0181414 -0.4667 0
-0.0157332 -0.455262 0
-0.0194362 -0.472471 0
-0.0175152 -0.463825 0
-0.0204409 -0.476812 0
-0.0189443 -0.470304 0
-0.0235937 -0.489844 0
-0.0212113 -0.480072 0
-0.024937 -0.495185 0
-0.0230478 -0.487641 0
-0.0288058 -0.510087 0
-0.025896 -0.498939 0
-0.0312367 -0.519193 0
-0.0285624 -0.509166 0
-0.0325634 -0.524109 0
-0.0305698 -0.516709 0
-0.0364353 -0.538357 0
-0.0335491 -0.527746 0
-0.037941 -0.543904 0
-0.0357872 -0.535975 0
-0.0418823 -0.55867 0
-0.0389776 -0.547741 0
-0.0440153 -0.567021 0
-0.0416536 -0.557794 0
-0.0450554 -0.571286 0
-0.0434585 -0.564799 0
-0.0475 -0.5825 0
-0.0475 -0.5825 0
-0.05125 -0.602832 0
-0.0498047 -0.594807 0
-0.0525 -0.610781 0
-0.0517237 -0.605609 0
-0.055 -0.6275 0
22
-0.1475 0 0.6825
-0.149609 0 0.669668
-0.14875 0 0.676638
-0.149688 0 0.654219
-0.149856 0 0.665909
-0.148288 0 0.644848
-0.14976 0 0.655192
-0.146941 0 0.640185
-0.148802 0 0.647335
-0.14 0 0.63
-0.14 0 0.63
-0.126445 0 0.625762
-0.134233 0 0.62739
-0.122004 0 0.625293
-0.128545 0 0.626081
-0.1075 0 0.625156
-0.118502 0 0.625084
-0.0935709 0 0.626637
-0.10595 0 0.625245
-0.087889 0 0.627747
-0.096572 0 0.626182
-0.075 0 0.6325
