0
324
-0.8475 -0.14 0
-0.83579 -0.138432 0
-0.841911 -0.139236 0
-0.822083 -0.136716 0
-0.83254 -0.138016 0
-0.812616 -0.135581 0
-0.822993 -0.136827 0
-0.807142 -0.134938 0
-0.815283 -0.135897 0
-0.802921 -0.134449 0
-0.809216 -0.135181 0
-0.789707 -0.132949 0
-0.799692 -0.134079 0
-0.779586 -0.131828 0
-0.78984 -0.132964 0
-0.774324 -0.131253 0
-0.782185 -0.132114 0
-0.758068 -0.129511 0
-0.770323 -0.13082 0
-0.756338 -0.129328 0
-0.763388 -0.130076 0
-0.741946 -0.127828 0
-0.752775 -0.128954 0
-0.732788 -0.12689 0
-0.742855 -0.127922 0
-0.72771 -0.126376 0
-0.735317 -0.127148 0
-0.712344 -0.124844 0
-0.723885 -0.125991 0
-0.702047 -0.123837 0
-0.712994 -0.124908 0
-0.696564 -0.123307 0
-0.704787 -0.124103 0
-0.68014 -0.121749 0
-0.692452 -0.122913 0
-0.678435 -0.121589 0
-0.685435 -0.122247 0
-0.664529 -0.120308 0
-0.674945 -0.121265 0
-0.655932 -0.119532 0
-0.665393 -0.120386 0
-0.651243 -0.119114 0
-0.658287 -0.119743 0
-0.637386 -0.117906 0
-0.647748 -0.118806 0
-0.624562 -0.116824 0
-0.636012 -0.117788 0
-0.618962 -0.116364 0
-0.627395 -0.11706 0
-0.602742 -0.115081 0
-0.614821 -0.116029 0
-0.601108 -0.114956 0
-0.607877 -0.115478 0
-0.588155 -0.114002 0
-0.597794 -0.114706 0
-0.580497 -0.113471 0
-0.58894 -0.114057 0
-0.565 -0.1125 0
-0.565 -0.1125 0
-0.551724 -0.11175 0
-0.558264 -0.112117 0
-0.539199 -0.111069 0
-0.548524 -0.111573 0
-0.531727 -0.110684 0
-0.539961 -0.11111 0
-0.516172 -0.109961 0
-0.527728 -0.110487 0
-0.513717 -0.10986 0
-0.520604 -0.110154 0
-0.500597 -0.109399 0
-0.510358 -0.109728 0
-0.492798 -0.109205 0
-0.501393 -0.109422 0
-0.476563 -0.109063 0
-0.488627 -0.109131 0
-0.467424 -0.109182 0
-0.477789 -0.109058 0
-0.462389 -0.109322 0
-0.469976 -0.109132 0
-0.447742 -0.110085 0
-0.458669 -0.109464 0
-0.434124 -0.111338 0
-0.446247 -0.110196 0
-0.428114 -0.112074 0
-0.437137 -0.111012 0
-0.423609 -0.112703 0
-0.430366 -0.111785 0
-0.41 -0.115 0
-0.41 -0.115 0
-0.393965 -0.118887 0
-0.40189 -0.11676 0
-0.378672 -0.124063 0
-0.390072 -0.120073 0
-0.369491 -0.127796 0
-0.379606 -0.123708 0
-0.364565 -0.129974 0
-0.371987 -0.126737 0
-0.350312 -0.136875 0
-0.360928 -0.131655 0
-0.344735 -0.139778 0
-0.352699 -0.135664 0
-0.340852 -0.141852 0
-0.346702 -0.138744 0
-0.3296 -0.148025 0
-0.337983 -0.143407 0
-0.319374 -0.153695 0
-0.328462 -0.148657 0
-0.314993 -0.156084 0
-0.321605 -0.152464 0
-0.3025 -0.1625 0
-0.3025 -0.1625 0
-0.286094 -0.171387 0
-0.293291 -0.167195 0
-0.274688 -0.178906 0
-0.283011 -0.173344 0
-0.26739 -0.183485 0
-0.275369 -0.178452 0
-0.262655 -0.186103 0
-0.269525 -0.18221 0
-0.258575 -0.188156 0
-0.264514 -0.185108 0
-0.2425 -0.195 0
-0.2425 -0.195 0
-0.228669 -0.20001 0
-0.235869 -0.197465 0
-0.212793 -0.205312 0
-0.224874 -0.20131 0
-0.202033 -0.208749 0
-0.213836 -0.204974 0
-0.19589 -0.210674 0
-0.205048 -0.207796 0
-0.191193 -0.212131 0
-0.198211 -0.209949 0
-0.176719 -0.216563 0
-0.187624 -0.213231 0
-0.165876 -0.219846 0
-0.176863 -0.216519 0
-0.160325 -0.22152 0
-0.168639 -0.219011 0
-0.156145 -0.22278 0
-0.16241 -0.220891 0
-0.143568 -0.226571 0
-0.153004 -0.223726 0
-0.139466 -0.227811 0
-0.146233 -0.225767 0
-0.126018 -0.231897 0
-0.13609 -0.228833 0
-0.117727 -0.234444 0
-0.126853 -0.231642 0
-0.11322 -0.23584 0
-0.119995 -0.233745 0
-0.1 -0.24 0
-0.1 -0.24 0
-0.0829126 -0.24604 0
-0.0912161 -0.24296 0
-0.0789049 -0.247617 0
-0.0849498 -0.24526 0
-0.0672852 -0.252461 0
-0.0759504 -0.248814 0
-0.0564381 -0.257196 0
-0.0660988 -0.252973 0
-0.0516035 -0.259316 0
-0.0588486 -0.256137 0
-0.0367187 -0.265625 0
-0.0479508 -0.260904 0
-0.029225 -0.268576 0
-0.0387947 -0.264776 0
-0.0242256 -0.270436 0
-0.0316666 -0.267635 0
-0.00808579 -0.275792 0
-0.0203629 -0.271809 0
-0.00628829 -0.276326 0
-0.0135084 -0.274104 0
0.00944781 -0.280506 0
-0.00252581 -0.277406 0
0.0203038 -0.282908 0
0.00840807 -0.280256 0
0.0266531 -0.28415 0
0.0172325 -0.282265 0
0.0316036 -0.285042 0
0.0242391 -0.283691 0
0.0475 -0.2875 0
0.0475 -0.2875 0
0.0627506 -0.289362 0
0.0548921 -0.288454 0
0.0797387 -0.29105 0
0.0668446 -0.2898 0
0.0911256 -0.292021 0
0.0786309 -0.290949 0
0.0976129 -0.292529 0
0.0879401 -0.29176 0
0.102575 -0.292897 0
0.0951626 -0.29234 0
0.11791 -0.293945 0
0.106348 -0.293168 0
0.129486 -0.294657 0
0.117757 -0.293935 0
0.135456 -0.295001 0
0.126527 -0.294481 0
0.139974 -0.295251 0
0.13321 -0.294873 0
0.153714 -0.295968 0
0.143385 -0.295436 0
0.15825 -0.296191 0
0.150783 -0.295821 0
0.173349 -0.296889 0
0.162006 -0.296371 0
0.182866 -0.297297 0
0.1724 -0.296847 0
0.188118 -0.297513 0
0.180244 -0.297187 0
0.203906 -0.298125 0
0.192062 -0.297671 0
0.215619 -0.298547 0
0.203847 -0.298123 0
0.221489 -0.298749 0
0.21268 -0.298443 0
0.22588 -0.298896 0
0.21929 -0.298674 0
0.238973 -0.299319 0
0.229166 -0.299005 0
0.243214 -0.29945 0
0.236212 -0.299232 0
0.257054 -0.299862 0
0.246697 -0.299556 0
0.265567 -0.300105 0
0.256196 -0.299837 0
0.270197 -0.300234 0
0.263238 -0.300039 0
0.283833 -0.300601 0
0.273643 -0.300328 0
0.297532 -0.300957 0
0.285768 -0.300653 0
0.303261 -0.301103 0
0.294628 -0.300883 0
0.307486 -0.301209 0
0.301125 -0.301049 0
0.319758 -0.301516 0
0.310612 -0.301288 0
0.323624 -0.301613 0
0.317212 -0.301453 0
0.33584 -0.30192 0
0.326756 -0.301691 0
0.343028 -0.302106 0
0.335102 -0.301902 0
0.3575 -0.3025 0
0.3575 -0.3025 0
0.382046 -0.302957 0
0.370412 -0.302806 0
0.387424 -0.30298 0
0.37925 -0.302932 0
0.401992 -0.302871 0
0.391278 -0.302976 0
0.414061 -0.302565 0
0.403387 -0.302846 0
0.418945 -0.302381 0
0.411512 -0.302647 0
0.432188 -0.301719 0
0.422437 -0.302228 0
0.437966 -0.301374 0
0.43049 -0.301815 0
0.452029 -0.300541 0
0.441553 -0.301154 0
0.460823 -0.30015 0
0.451161 -0.300588 0
0.465845 -0.300005 0
0.458372 -0.300242 0
0.4825 -0.3 0
0.4825 -0.3 0
0.497935 -0.30063 0
0.490118 -0.30024 0
0.513945 -0.301758 0
0.5019 -0.300873 0
0.524049 -0.302625 0
0.512936 -0.301677 0
0.52959 -0.303132 0
0.521271 -0.302378 0
0.545938 -0.304688 0
0.533725 -0.30352 0
0.552395 -0.305298 0
0.543178 -0.304423 0
0.556886 -0.305711 0
0.550118 -0.305085 0
0.569746 -0.306786 0
0.560192 -0.306005 0
0.580983 -0.307482 0
0.571024 -0.30688 0
0.585574 -0.307652 0
0.578586 -0.307362 0
0.5975 -0.3075 0
0.5975 -0.3075 0
0.615937 -0.301094 0
0.610273 -0.305176 0
0.6275 -0.29 0
0.6275 -0.29 0
0.640098 -0.283731 0
0.633479 -0.286951 0
0.654844 -0.276719 0
0.643615 -0.282052 0
0.664787 -0.271907 0
0.653875 -0.277181 0
0.670404 -0.269108 0
0.662012 -0.273266 0
0.67466 -0.266933 0
0.668288 -0.270171 0
0.6875 -0.26 0
0.6875 -0.26 0
0.705273 -0.249453 0
0.696118 -0.25499 0
0.709988 -0.246542 0
0.702946 -0.250877 0
0.713564 -0.244314 0
0.708212 -0.247642 0
0.724375 -0.2375 0
0.71626 -0.242624 0
0.727897 -0.235264 0
0.722083 -0.238952 0
0.739308 -0.227998 0
0.730785 -0.233427 0
0.746165 -0.223644 0
0.738608 -0.228444 0
0.749805 -0.221345 0
0.744307 -0.224821 0
0.76 -0.215 0
320
-0.8 0 -0.0375
-0.787969 0 -0.0245703
-0.793994 0 -0.0314795
-0.784857 0 -0.0208832
-0.789493 0 -0.0263634
-0.774688 0 -0.00937498
-0.78245 0 -0.0180491
-0.773529 0 -0.00816762
-0.778145 0 -0.0131243
-0.763058 0 0.00150293
-0.77108 0 -0.00570381
-0.755452 0 0.00713873
-0.763769 0 0.000917435
-0.750854 0 0.0100305
-0.757637 0 0.005633
-0.747192 0 0.012081
-0.752615 0 0.00896591
-0.735 0 0.0175
-0.735 0 0.0175
-0.720322 0 0.0220557
-0.727997 0 0.0198492
-0.716258 0 0.0231065
-0.722299 0 0.0215173
-0.703281 0 0.0260547
-0.71312 0 0.0238721
-0.689934 0 0.0286016
-0.701869 0 0.0263445
-0.683763 0 0.0296517
-0.692973 0 0.0280569
-0.679062 0 0.0304058
-0.686091 0 0.0292639
-0.664688 0 0.0325
-0.675503 0 0.0309528
-0.652649 0 0.0340441
-0.664142 0 0.0325738
-0.64689 0 0.0347244
-0.655528 0 0.0336903
-0.642576 0 0.035211
-0.649049 0 0.0344734
-0.629736 0 0.0365538
-0.639349 0 0.0355631
-0.625597 0 0.0369548
-0.632438 0 0.0362838
-0.612232 0 0.0381517
-0.622211 0 0.0372719
-0.604168 0 0.0388052
-0.613052 0 0.0380824
-0.599851 0 0.0391348
-0.60636 0 0.0386326
-0.5875 0 0.04
-0.5875 0 0.04
-0.57127 0 0.0406909
-0.579268 0 0.0404428
-0.555859 0 0.0406836
-0.567349 0 0.0407482
-0.54654 0 0.040396
-0.556803 0 0.0407014
-0.541492 0 0.0401627
-0.549084 0 0.0404938
-0.526563 0 0.0392187
-0.537734 0 0.0399578
-0.520534 0 0.0387589
-0.529105 0 0.0394018
-0.516253 0 0.0384157
-0.522674 0 0.0389259
-0.50336 0 0.0373505
-0.51304 0 0.0381523
-0.49081 0 0.0363619
-0.502008 0 0.0372396
-0.485117 0 0.0359587
-0.493631 0 0.0365741
-0.480794 0 0.0356793
-0.48726 0 0.0361062
-0.4675 0 0.035
-0.4675 0 0.035
-0.451587 0 0.0345801
-0.459576 0 0.0347424
-0.43543 0 0.0344532
-0.447569 0 0.0345277
-0.42522 0 0.0344445
-0.436446 0 0.0344559
-0.419572 0 0.0344437
-0.428036 0 0.0344447
-0.415322 0 0.0344393
-0.421693 0 0.0344443
-0.4025 0 0.034375
-0.412126 0 0.0344319
-0.393075 0 0.0342441
-0.402626 0 0.0343761
-0.388282 0 0.0341389
-0.395467 0 0.0342861
-0.373841 0 0.0336187
-0.38468 0 0.0340397
-0.359928 0 0.0327513
-0.372332 0 0.0335438
-0.353709 0 0.0322222
-0.363034 0 0.0329809
-0.349039 0 0.0317603
-0.356043 0 0.032432
-0.335 0 0.03
-0.335 0 0.03
-0.317654 0 0.0270947
-0.326401 0 0.0286456
-0.313233 0 0.0262513
-0.319853 0 0.0274999
-0.299824 0 0.0234765
-0.3099 0 0.0255908
-0.286834 0 0.0205177
-0.298417 0 0.0231681
-0.281022 0 0.019119
-0.289736 0 0.0211994
-0.27666 0 0.018042
-0.283202 0 0.0196487
-0.263594 0 0.0146875
-0.27339 0 0.0172196
-0.252879 0 0.0118106
-0.263105 0 0.0145585
-0.2478 0 0.0104125
-0.255427 0 0.0125043
-0.232762 0 0.00616157
-0.24401 0 0.00935608
-0.231217 0 0.00571632
-0.237581 0 0.00754011
-0.218728 0 0.00207281
-0.228063 0 0.00480354
-0.211114 0 -0.000181198
-0.219498 0 0.00229955
-0.206999 0 -0.00140715
-0.213191 0 0.000435889
-0.195 0 -0.005
-0.195 0 -0.005
-0.18002 0 -0.00982904
-0.187356 0 -0.00738096
-0.166094 0 -0.0148828
-0.176453 0 -0.0110749
-0.157769 0 -0.0181164
-0.16694 0 -0.014562
-0.153277 0 -0.0199097
-0.160036 0 -0.0172231
-0.14 0 -0.0253125
-0.149937 0 -0.0212591
-0.134615 0 -0.027506
-0.142265 0 -0.0243866
-0.119084 0 -0.0336447
-0.130776 0 -0.0290567
-0.109004 0 -0.0373601
-0.120072 0 -0.0332669
-0.103273 0 -0.0393475
-0.111816 0 -0.0363505
-0.0988688 0 -0.040807
-0.10544 0 -0.0386074
-0.085 0 -0.045
-0.085 0 -0.045
-0.0691919 0 -0.049314
-0.0771427 0 -0.0471725
-0.0529883 0 -0.0534961
-0.0651798 0 -0.0503725
-0.0426406 0 -0.0560365
-0.0540134 0 -0.0532389
-0.0368724 0 -0.057408
-0.045504 0 -0.0553439
-0.0325089 0 -0.0584241
-0.0390421 0 -0.0568959
-0.0192187 0 -0.0614063
-0.0292148 0 -0.0591792
-0.00931305 0 -0.0635184
-0.0193503 0 -0.0613775
-0.00422692 0 -0.0645664
-0.0118391 0 -0.0629888
0.0113127 0 -0.0676162
-0.000382066 0 -0.0653423
0.0129565 0 -0.0679255
0.00624752 0 -0.0666471
0.0266216 0 -0.0704002
0.0163416 0 -0.0685546
0.0353357 0 -0.071889
0.0257577 0 -0.0702488
0.0401871 0 -0.0726883
0.0329258 0 -0.0714841
0.0549999 0 -0.075
0.0549999 0 -0.075
0.0753418 0 -0.0779053
0.06505 0 -0.0764691
0.0805714 0 -0.0786098
0.0727475 0 -0.0775495
0.0965625 0 -0.080664
0.0845281 0 -0.079132
0.0982522 0 -0.0808725
0.091352 0 -0.080011
0.112259 0 -0.08254
0.101729 0 -0.0812967
0.121137 0 -0.0835418
0.111377 0 -0.0824381
0.126055 0 -0.0840783
0.118687 0 -0.0832695
0.140937 0 -0.0856251
0.129758 0 -0.0844742
0.142444 0 -0.085775
0.136086 0 -0.0851336
0.155237 0 -0.0870012
0.145633 0 -0.0860888
0.163273 0 -0.0877273
0.154434 0 -0.0869269
0.167702 0 -0.0881131
0.16106 0 -0.0875307
0.181019 0 -0.089209
0.171028 0 -0.0883956
0.186448 0 -0.089628
0.178735 0 -0.0890276
0.201868 0 -0.0907286
0.190305 0 -0.0899158
0.211483 0 -0.091346
0.200906 0 -0.0906639
0.216758 0 -0.0916611
0.208842 0 -0.0911818
0.2325 0 -0.0925
0.2325 0 -0.0925
0.255898 0 -0.0935596
0.244026 0 -0.0930401
0.261942 0 -0.0938082
0.252902 0 -0.0934323
0.266514 0 -0.0939883
0.259668 0 -0.093716
0.280391 0 -0.0944922
0.269962 0 -0.0941199
0.28496 0 -0.0946428
0.277435 0 -0.0943905
0.300104 0 -0.0950807
0.288737 0 -0.094761
0.309586 0 -0.0953031
0.299156 0 -0.0950562
0.314792 0 -0.0954061
0.30698 0 -0.0952462
0.330312 0 -0.095625
0.318689 0 -0.0954739
0.332538 0 -0.0956445
0.325635 0 -0.0955738
0.346163 0 -0.0956908
0.335969 0 -0.0956683
0.354519 0 -0.0956498
0.34532 0 -0.0956918
0.359053 0 -0.0956028
0.352236 0 -0.0956668
0.372334 0 -0.0953492
0.36242 0 -0.0955553
0.377587 0 -0.0951951
0.370094 0 -0.095405
0.391938 0 -0.094583
0.381258 0 -0.0950667
0.400417 0 -0.0940613
0.391069 0 -0.0946292
0.4049 0 -0.0937256
0.398126 0 -0.094216
0.4175 0 -0.0925
0.4175 0 -0.0925
0.433779 0 -0.0900439
0.4259 0 -0.0913751
0.448125 0 -0.086836
0.437536 0 -0.0893068
0.456239 0 -0.0845141
0.447279 0 -0.0870557
0.460455 0 -0.0831493
0.454068 0 -0.0851741
0.472188 0 -0.07875
0.463511 0 -0.0820894
0.476625 0 -0.0768543
0.470265 0 -0.079532
0.488413 0 -0.0712616
0.479677 0 -0.07548
0.495328 0 -0.0676955
0.487706 0 -0.0716169
0.499037 0 -0.0657381
0.493452 0 -0.0686768
0.51 0 -0.0599999
0.51 0 -0.0599999
0.525254 0 -0.0509961
0.518215 0 -0.0554956
0.537031 0 -0.0417187
0.528428 0 -0.0487252
0.54372 0 -0.0355213
0.53635 0 -0.0423176
0.547448 0 -0.0319177
0.541886 0 -0.0372672
0.550344 0 -0.0291057
0.546036 0 -0.0332875
0.56 0 -0.02
0.56 0 -0.02
0.57418 0 -0.00664067
0.566987 0 -0.0135254
0.577844 0 -0.00306273
0.572364 0 -0.0083971
0.589062 0 0.00812501
0.580618 0 -0.000326037
0.590248 0 0.00932413
0.585406 0 0.0044452
0.600063 0 0.019344
0.592687 0 0.0117992
0.606263 0 0.0257394
0.599445 0 0.0187092
0.609689 0 0.029287
0.604554 0 0.0239729
0.62 0 0.04
0.62 0 0.04
0.636484 0 0.0571485
0.628057 0 0.048374
0.640782 0 0.06164
0.634352 0 0.0549253
0.644025 0 0.0650393
0.639166 0 0.0599493
0.65375 0 0.0753125
0.646461 0 0.0676008
0.656894 0 0.078665
0.651698 0 0.0731336
0.667002 0 0.0895929
0.659463 0 0.0814199
0.673017 0 0.0962383
0.666386 0 0.0889189
0.676192 0 0.0998042
0.671392 0 0.0944298
0.685 0 0.11